6782
2
67
1572
1583
2702
7546
9459
10132
10399
11069
11137
14263
14393
14406
15467
16467
16811
17833
18342
20134
20137
20713
20791
20897
21439
23294
24797
24798
25995
29996
32097
33237
34353
34358
38224
39279
41100
42446
42447
45003
48791
49619
52182
52795
53002
53613
54466
55091
55110
55981
62919
66324
68186
69351
71314
74778
75006
77713
77715
78785
79059
79310
81494
82157
84142
84201
85654
86141
88383
90378
92641
92770
94512
94625
97157
98216
99619
101162
102599
103932
104319
104544
105415
105487
106070
106887
108335
108956
109933
111318
112921
112926
113021
113080
113314
114756
116252
121366
121377
122212
124866
125727
128389
128962
130740
136110
136117
136130
136134
137292
137906
137909
137916
139135
139687
140855
140856
141454
141457
145215
147162
147992
148691
148696
149920
149962
150532
150592
152434
152497
152508
154423
154448
156461
156478
157613
157749
158262
158466
159839
161874
162585
164683
166127
166133
168260
168983
169521
171300
171520
173580
173582
173603
175093
175849
175921
175938
178296
178893
179924
180696
182296
182485
183628
184785
185672
185752
186169
188104
188445
189888
189983
189984
190890
191650
191664
193361
196177
196303
196308
196622
197936
197971
198151
198794
198908
200765
202560
203492
204310
204501
204754
204959
205317
206417
207651
207861
207866
209377
210282
210308
210468
211327
211414
213736
214546
215608
215857
216731
216897
219580
220880
220932
223590
226570
226894
227319
228836
229419
229979
231931
232287
233025
233760
238040
239404
240166
243512
243649
247270
247958
248301
248316
252151
257951
259468
265638
265851
266330
271073
271458
273431
273432
274194
275383
279379
281545
283376
283517
286979
291531
291656
293431
297830
297831
300649
306220
306228
312451
314155
320337
320367
320827
320932
322558
324545
324559
325044
325832
328756
332936
332972
332982
333441
335754
337212
337250
337252
340027
345883
345897
345909
345914
345919
350182
350237
350241
350795
354549
356952
357263
359306
363213
367515
368026
372615
376778
378555
380633
380748
385120
385130
389455
389913
389915
391761
393771
395868
398081
402473
402477
402924
409267
411751
415842
415845
416253
422483
425135
425140
425145
429664
429702
429922
434289
436033
436260
445251
449486
451822
453950
458449
460810
460822
460830
461216
463255
471975
478866
479234
479236
483429
483470
485594
487998
488051
488064
488071
488427
488479
492727
494890
497357
497385
497401
497406
497764
499558
501935
502004
502012
502065
502074
502429
506552
506554
506777
511317
511835
511902
516654
516668
516681
520809
520811
525778
526244
526252
535289
535767
535768
537488
540574
544873
545327
545410
545412
545419
550035
550260
550272
550274
555043
555045
555046
555047
559210
564363
564415
564910
569092
569328
569398
569795
569905
569906
569911
574335
575040
579409
579418
580099
584532
584546
584547
584948
585141
589553
590226
594759
595346
595372
599986
600413
600421
605858
605861
605872
605883
605905
606025
611395
611878
615961
615987
616660
616688
616849
616889
616890
617409
621044
621394
621453
622134
622349
627502
627574
627600
627854
633069
633417
637678
638001
638785
638851
643700
644172
644509
644527
644533
644957
649363
649452
649482
650776
655371
656042
656172
656655
656782
657228
660792
662094
662141
662634
667298
668276
668277
668305
668317
668323
668631
674425
674599
675138
680101
680818
680965
686572
686636
687351
687486
687509
687863
688104
693027
694174
694473
694794
699989
700992
701195
701304
707697
707729
707764
708064
708148
708175
708177
709206
713743
713766
714672
714678
715057
715208
716316
720778
721537
721596
721790
721794
722194
722210
722330
727860
728062
728092
728101
728961
729084
729166
729713
729739
730902
736302
736531
736617
736618
736640
737147
737174
737182
742741
744535
744698
746016
751610
751681
751715
751727
751764
751765
758311
759199
759435
759942
760002
760006
765464
765880
766024
766028
766039
766755
766774
767718
767802
767821
767833
767836
774784
775188
775198
775210
775603
775884
781464
781916
782056
783245
783925
783962
791306
792007
792155
792174
798317
798329
799540
801911
806178
806656
806659
806693
808061
808167
808933
815121
815126
816712
817552
823813
823817
823835
824009
824822
825434
825972
826130
826356
832209
832709
832730
832765
834316
835165
835169
841800
841805
843281
843813
844024
844208
852992
853319
859573
861883
861890
868859
871223
871306
871355
877997
880526
880614
887130
887255
887258
888131
889439
896409
896569
899377
900834
900931
905828
915374
917940
918009
924889
927482
927821
934670
936899
944163
944429
949593
953861
963578
963596
973308
973309
973641
983213
992714
992720
992731
992748
998121
1002428
1002447
1002650
1002721
1004753
1004985
1012080
1012319
1021772
1021774
1031406
1031740
1040974
1046095
1050372
1050394
1050652
1050711
1059732
1059973
1069312
1087401
1087638
1087696
1096648
1096664
1096750
1105352
1105400
1105401
1105561
1105639
1110087
1113220
1113221
1114051
1114052
1121793
1122703
1122829
1130341
1131441
1135728
1138761
1139584
1139645
1139646
1147896
1147960
1156202
1156228
1156455
1164626
1164628
1164901
1172990
1173119
1176907
1180161
1181021
1188301
1189020
1189049
1189417
1189419
1189421
1197240
1197491
1201118
1204502
1205226
1205568
1213117
1213146
1213488
1221044
1228527
1228530
1228627
1231946
1235706
1236055
1243277
1243278
1243384
1250387
1250504
1257085
1257301
1257421
1264175
1270237
1270265
1270407
1270410
1270616
1270617
1270618
1276018
1276579
1276807
1276808
1276810
1276942
1282738
1282758
1289003
1289095
1289240
1295028
1295064
1295188
1301049
1306375
1306412
1306414
1306822
1312431
1312581
1317284
1317771
1317812
1318000
1318146
1318262
1322806
1328251
1328671
1328719
1333588
1333987
1334385
1334388
1334396
1334528
1339326
1339330
1339691
1339694
1344799
1345072
1345075
1345104
1349683
1349724
1349983
1349985
1349997
1350292
1351708
1354826
1354827
1355137
1355149
1355150
1355151
1360015
1360302
1360425
1360502
1360700
1361976
1365075
1365117
1365405
1365489
1365662
1370456
1370482
1370905
1370908
1375099
1375144
1375428
1375429
1375433
1375876
1376996
1379671
1379974
1380294
1380297
1380298
1380324
1380420
1380731
1381850
1385162
1385163
1385588
1385648
1386697
1386698
1389360
1390018
1390019
1390027
1390456
1390529
1390556
1394808
1394814
1394850
1394851
1394853
1394858
1394957
1395354
1396348
1399202
1399257
1399562
1399590
1399598
1400106
1401084
1401088
1403868
1403884
1403918
1404240
1404278
1404669
1404683
1405744
1408492
1409274
1412726
1412728
1413020
1413400
1413412
1413746
1413792
1417570
1417576
1417581
1417604
1417606
1417630
1417655
1417988
1418004
1418407
1418508
1418509
1418510
1418628
1422179
1422229
1422561
1423014
1424162
1426639
1427069
1427150
1427487
1427609
1427637
1427764
1431543
1431865
1432138
1432140
1435620
1436041
1436638
1436665
1440240
1440647
1441500
1442475
1444926
1444932
1445812
1446220
1449594
1450499
1450657
1450730
1450796
1450910
1450933
1454310
1457279
1459378
1459752
1460065
1460164
1461325
1461339
1463657
1463661
1463663
1464052
1464054
1464816
1464818
1465056
1466074
1468193
1468479
1468481
1468484
1468786
1468788
1469598
1470891
1470896
1471561
1473229
1473233
1473237
1473239
1473249
1473650
1473700
1473804
1474035
1474431
1474578
1475710
1475714
1475719
1475729
1478000
1478022
1478055
1478064
1478344
1478447
1478449
1478450
1479381
1479498
1482751
1482759
1482774
1483179
1483206
1483237
1484332
1487936
1487937
1487943
1487968
1487994
1488859
1488870
1492743
1492766
1493065
1494021
1497233
1497697
1497825
1498705
1498864
1499103
1502674
1502694
1502732
1504098
1504102
1504268
1505077
1505092
1507911
1507919
1507922
1508015
1508558
1508959
1510252
1513047
1513124
1515509
1518372
1518400
1518429
1519868
1519872
1520070
1523958
1524990
1529343
1535612
1536100
1537376
1541210
1541483
1541870
1541967
1542958
1542962
1542964
1548585
1552965
1552995
1553116
1553214
1554291
1558936
1564308
1564453
1568244
1569461
1570057
1570170
1570431
1570567
1571234
1571236
1572122
1575657
1576056
1576198
1576863
1581218
1581349
1581476
1581740
1582565
1587019
1587412
1588212
1591844
1592452
1592584
1592592
1592973
1594620
1594621
1598145
1599292
1603235
1603829
1604844
1605694
1609221
1609494
1610246
1610269
1613238
1613961
1614818
1615555
1615559
1620851
1624553
1625408
1627006
1629760
1630585
1630587
1630589
1630591
1631284
1632188
1635689
1635698
1636377
1640192
1640740
1640744
1640751
1640757
1641426
1641427
1645147
1645695
1645699
1645705
1646370
1646380
1650628
1650634
1650648
1650654
1650661
1655493
1655510
1655515
1656216
1660373
1660393
1661071
1665175
1665865
1665866
1665874
1667087
1670642
1670668
1674709
1675372
1675381
1679340
1679386
1683941
1683973
1683976
1683994
1683995
1683996
1684596
1684622
1688594
1688601
1688669
1688670
1689274
1689283
1689328
1693265
1693273
1693948
1695155
1697876
1697891
1697892
1697903
1697931
1697948
1702471
1702488
1702548
1703173
1703182
1706840
1707053
1707075
1707737
1707757
1707764
1707809
1711670
1713466
1716290
1716301
1716327
1716328
1716330
1717018
1718202
1720955
1720960
1720969
1720971
1720976
1720977
1721003
1721694
1721720
1722756
1722813
1725599
1725616
1725619
1725633
1725715
1727400
1727448
1729978
1730204
1730206
1730215
1730220
1730227
1730231
1730233
1730236
1730245
1731009
1732027
1734817
1734825
1734828
1734849
1734852
1734857
1735594
1735613
1735660
1739400
1739404
1739443
1739450
1739454
1739457
1739491
1739548
1739590
1740193
1740240
1741314
1741380
1741486
1743983
1743988
1744020
1744159
1744162
1744803
1744834
1745939
1747476
1748353
1748659
1748676
1748708
1748709
1748721
1748837
1749475
1750620
1753236
1753243
1753263
1753304
1753333
1753350
1753413
1754128
1754140
1754153
1755316
1755384
1757898
1757903
1757923
1758750
1759899
1759988
1760029
1762075
1762081
1763255
1763271
1763278
1763280
1763294
1763348
1766788
1766802
1766897
1767788
1767789
1767822
1767860
1769051
1769059
1771004
1771262
1772312
1772356
1773418
1774719
1774758
1774762
1775825
1775870
1775915
1775920
1775937
1776834
1776849
1780080
1780275
1780282
1780316
1780325
1780345
1780395
1780443
1780468
1781420
1781441
1781478
1782532
1782575
1783880
1784923
1784942
1784984
1785018
1786131
1787260
1789639
1789694
1789866
1790776
1790783
1790805
1791922
1792157
1794019
1794198
1794214
1794236
1794393
1795406
1795439
1795478
1796560
1798798
1798799
1798824
1798839
1798942
1799056
1799942
1799958
1799997
1801330
1801478
1803055
1803419
1803456
1803516
1803535
1804505
1804514
1804527
1806042
1808000
1808083
1809186
1810316
1812303
1812309
1812652
1812875
1812877
1813750
1813762
1815146
1815186
1815273
1815370
1816951
1817292
1817309
1818383
1818411
1818415
1818424
1818433
1821876
1821916
1821923
1821939
1821943
1821956
1822013
1822038
1822044
1823039
1824433
1824447
1826552
1827621
1829055
1831146
1831192
1831201
1831214
1832269
1832273
1833702
1833713
1835986
1835990
1836000
1836926
1836962
1836964
1838223
1838446
1841685
1841694
1843157
1843177
1843186
1845270
1846300
1846324
1847503
1847670
1849693
1850766
1850819
1850821
1852045
1852169
1855293
1855322
1856709
1859752
1861001
1861132
1861177
1861179
1864114
1865808
1865815
1865871
1868512
1872763
1874099
1874442
1876999
1877068
1878687
1878756
1881329
1881384
1881389
1881420
1881425
1881444
1882963
1883220
1885666
1887053
1887550
1889820
1889841
1889863
1889908
1889911
1889979
1891562
1891784
1894119
1894163
1895423
1895450
1895455
1895782
1895983
1896025
1896045
1898123
1898268
1899559
1899583
1899944
1900181
1900183
1902258
1902330
1902340
1902368
1902400
1903871
1904144
1904168
1906408
1906428
1906575
1907927
1908033
1908414
1908597
1908688
1910566
1910628
1910654
1912463
1912464
1912898
1914687
1914690
1914724
1916542
1916550
1918679
1920129
1920571
1920574
1920659
1922546
1924678
1926634
1930541
1930580
1930600
1931996
1932522
1932623
1932913
1934464
1934516
1934562
1934567
1936471
1936560
1936892
1936938
1936942
1938364
1938393
1938406
1940462
1940510
1942427
1942451
1943877
1948952
1950280
1950285
1950321
1950389
1950432
1952834
1952844
1954265
1954360
1954428
1958304
1960482
1962315
1962321
1962370
1966307
1966340
1966357
1967804
1968918
1970318
1970330
1970371
1971821
1974327
1974359
1974399
1978255
1978257
1978364
1982261
1984961
1986372
1994403
1994426
1998563
2002547
2002678
2010856
2010945
2015131
2015145
2015162
2019167
2019235
2023170
2027274
2035140
2039052
2057892
2057947
2061565
2061592
2061613
2064975
2065023
2065099
2068350
2071911
2072017
2078553
2078559
2084964
2094264
2097572
2097591
2100711
2100712
2100884
2104134
2104331
2110959
2114368
2114381
2117992
2118016
2121431
2124895
2124910
2128084
2128238
2128239
2131540
2134494
2134745
2134806
2138054
2138055
2140909
2141048
2141238
2147554
2147671
2147747
2154043
2154155
2154205
2157080
2157382
2160063
2160242
2160555
2160559
2160580
2163424
2163553
2163737
2166910
2172947
2173127
2176174
2179156
2184597
2184876
2184985
2187254
2187263
2187573
2187575
2187823
2190241
2190407
2190416
2193250
2193435
2193438
2193559
2196299
2196319
2198536
2198733
2198908
2198909
2198922
2199043
2199106
2199190
2201470
2201815
2201991
2204011
2204548
2204585
2204690
2206840
2209596
2209719
2209874
2209878
2209881
2209899
2212141
2212250
2212354
2212416
2212419
2214583
2214585
2214617
2214795
2214799
2214917
2214966
2216822
2217043
2217063
2217069
2217093
2217269
2217459
2219231
2219533
2219534
2219535
2219674
2219683
2219750
2219887
2219889
2219900
2219905
2221898
2221931
2222045
2222054
2222086
2222163
2222280
2222328
2222339
2224288
2224291
2224340
2224345
2224351
2224362
2224473
2224521
2224730
2226747
2226782
2226790
2226974
2227032
2227052
2227211
2227232
2227244
2229236
2229398
2229487
2229681
2229683
2231602
2231621
2231656
2231680
2231861
2231863
2232143
2232146
2232155
2234027
2234066
2234273
2234552
2234559
2235826
2236387
2236599
2236670
2236776
2236809
2236965
2236966
2238220
2238228
2238790
2238846
2238862
2238881
2239263
2239355
2241399
2241469
2241783
2243605
2243698
2243999
2244219
2244222
2244226
2246121
2246122
2246174
2246176
2246177
2246178
2246184
2246296
2246555
2246651
2246682
2248560
2248610
2248765
2249073
2249108
2250285
2250501
2250946
2250999
2251088
2251479
2251482
2251488
2252661
2253335
2253402
2253594
2253804
2253887
2253890
2255962
2256273
2256296
2258133
2258362
2258384
2258728
2258759
2260551
2260569
2260637
2260794
2260820
2260827
2261090
2263020
2263021
2263036
2263108
2263122
2263258
2263269
2263292
2264869
2265557
2265669
2265670
2265867
2265897
2266212
2266226
2268132
2268375
2268460
2268731
2268780
2268790
2270201
2270735
2271398
2271402
2272563
2273337
2273564
2273697
2273719
2273794
2273795
2274026
2275163
2275970
2276085
2276235
2276371
2276520
2276639
2277779
2277782
2278702
2279002
2279037
2279268
2279275
2279277
2279278
2281212
2281220
2281249
2281324
2281327
2281343
2281662
2281912
2283969
2283970
2284003
2284174
2284321
2284578
2284603
2284612
2284634
2286520
2286547
2286666
2286669
2286700
2287083
2289364
2289397
2289585
2289652
2289782
2289933
2290035
2290041
2290051
2291975
2292005
2292109
2292110
2292144
2292207
2292228
2292323
2292534
2292796
2292805
2294810
2294811
2295273
2295283
2295342
2295499
2295597
2297759
2297783
2297790
2298057
2298211
2298448
2298458
2299609
2299683
2300586
2300911
2301041
2301364
2301372
2301413
2301418
2301424
2302685
2303593
2303687
2303711
2303796
2303798
2304155
2304232
2304487
2304519
2304525
2304526
2304569
2306807
2306916
2306918
2307029
2307045
2307171
2307279
2307420
2307479
2307753
2307787
2307788
2310136
2310268
2310286
2310292
2310944
2310955
2310983
2310987
2310999
2311027
2313315
2313316
2313317
2313420
2313461
2313497
2314189
2314196
2314199
2314207
2314210
2316400
2316666
2316669
2316670
2316676
2316701
2316777
2317024
2317080
2317325
2317359
2317394
2317395
2317433
2319610
2319735
2319877
2319881
2319883
2319936
2319954
2320028
2320037
2320139
2320239
2320489
2320572
2320677
2320709
2323020
2323203
2323233
2323265
2323459
2323638
2323639
2323699
2323957
2324006
2324063
2324081
2324113
2326543
2326561
2326603
2326989
2327347
2327409
2327411
2327414
2327445
2329699
2329875
2329938
2330255
2330256
2330323
2330432
2330708
2330710
2330777
2333045
2333285
2333778
2333795
2333818
2333823
2333824
2334119
2334154
2334160
2335556
2336693
2336713
2336738
2336755
2336806
2336897
2337015
2337159
2337630
2337632
2337641
2339741
2339751
2339778
2340245
2340643
2340764
2340793
2341118
2341126
2341133
2341155
2341173
2343199
2343359
2343571
2343632
2343649
2343712
2343743
2343744
2343817
2344135
2344137
2344141
2344221
2344575
2344620
2344632
2346771
2346790
2346996
2346997
2347064
2347115
2347175
2347179
2347568
2347575
2347579
2347733
2347754
2347838
2347845
2348079
2348102
2349416
2350223
2350446
2350634
2350638
2350644
2350778
2350821
2350878
2351025
2351177
2351479
2351645
2353682
2353711
2353812
2353815
2353816
2354097
2354282
2354345
2354371
2354373
2354800
2355155
2355219
2355255
2355261
2355262
2355285
2355305
2357498
2357979
2358067
2358126
2358341
2358420
2358426
2358527
2358848
2358851
2358885
2358920
2358926
2358957
2358971
2358972
2361239
2361243
2361534
2361628
2361704
2361753
2361824
2361851
2362168
2362435
2362436
2364910
2365026
2365436
2365478
2365585
2365660
2366473
2366501
2366508
2366516
2366537
2366540
2366545
2366557
2368037
2368123
2368702
2368709
2369066
2369070
2369146
2369290
2369308
2369319
2369337
2369410
2369550
2370015
2370290
2370384
2370392
2370424
2370427
2370449
2370452
2370493
2371970
2372984
2372991
2373140
2373153
2373285
2373360
2373385
2373896
2374024
2374131
2374155
2374259
2374362
2374369
2374410
2376719
2376725
2376910
2376943
2377009
2377297
2377638
2377828
2377922
2378296
2378330
2378361
2378429
2380029
2380841
2380991
2381386
2381448
2381449
2381470
2381483
2381639
2381764
2381969
2382054
2382319
2382493
2382524
2382525
2382526
2382539
2382540
2382542
2382573
2382579
2384265
2385023
2385035
2385533
2385534
2385536
2385712
2385760
2385971
2386044
2386731
2386756
2386761
2386769
2386806
2386824
2389320
2389332
2389765
2389839
2389843
2390032
2390307
2390557
2391054
2391086
2391088
2391089
2391095
2391098
2392986
2393665
2394215
2394220
2394316
2394319
2394430
2394972
2395306
2395423
2395448
2395451
2395455
2395486
2395487
2395491
2395495
2395506
2395518
2395524
2395525
2397835
2398007
2398009
2398173
2398559
2398569
2398662
2398679
2399347
2399493
2399704
2399852
2399893
2399894
2399895
2399899
2399970
2402398
2402936
2403010
2403150
2403522
2403731
2403979
2404180
2404244
2404277
2404284
2404290
2404345
2404378
2404407
2406689
2406699
2407162
2407163
2407537
2407747
2407843
2408005
2408202
2408586
2408612
2408633
2408642
2408668
2408695
2408703
2408705
2408706
2408735
2408765
2411322
2411581
2411700
2411829
2412642
2412845
2412904
2413024
2413109
2413132
2413157
2415751
2416016
2416078
2416090
2416579
2416688
2416743
2416746
2416837
2417036
2417095
2417341
2417347
2417434
2417504
2417541
2417542
2417554
2417579
2417594
2419941
2420228
2421236
2421238
2421240
2421288
2421539
2421870
2421888
2421890
2421932
2421942
2421956
2422027
2422042
2422050
2422054
2422055
2422117
2422142
2422143
2425537
2425607
2425631
2425657
2425826
2425827
2426186
2426244
2426294
2426469
2429014
2429725
2429728
2429822
2429907
2430295
2430308
2430418
2430591
2430822
2431121
2431143
2431218
2431246
2431290
2431294
2431397
2431398
2433723
2433724
2434045
2434180
2434448
2434653
2434675
2434923
2435065
2435265
2435540
2435616
2435619
2435760
2436025
2436107
2436173
2436191
2436231
2437922
2438479
2438593
2438868
2440083
2440215
2440493
2440644
2440730
2440758
2440781
2440883
2440971
2441008
2441013
2441076
2441094
2441096
2441116
2441130
2443356
2443428
2443877
2444255
2444320
2444677
2445091
2445199
2445266
2445378
2445459
2445480
2445686
2445840
2445983
2446034
2446095
2446122
2446199
2447878
2448395
2448396
2448456
2448762
2449276
2449292
2450141
2450332
2450350
2450799
2450874
2450933
2450934
2450935
2450937
2451150
2451154
2451232
2453579
2454346
2454369
2454403
2454539
2455180
2455181
2455277
2455290
2455379
2455498
2455877
2456025
2456089
2456396
2456454
2458268
2458766
2458806
2459200
2459692
2460706
2460809
2461053
2461113
2461399
2461406
2461408
2461412
2461413
2461420
2461424
2461425
2461429
2461502
2461682
2461793
2463668
2464231
2464342
2464681
2465138
2465143
2465991
2466173
2466830
2467019
2467206
2467212
2467268
2467269
2467288
2469129
2469239
2469628
2469687
2470113
2470539
2471165
2471847
2471861
2472227
2472252
2472333
2472355
2472412
2472451
2472520
2472737
2472818
2474811
2474860
2475266
2475283
2475285
2475288
2476205
2476219
2476223
2477343
2477627
2477879
2477881
2477933
2477982
2477986
2478089
2478371
2478372
2478422
2478426
2480999
2481001
2481904
2481913
2482870
2483144
2483157
2483393
2483562
2483600
2483602
2483604
2483685
2483867
2484153
2484154
2486797
2487207
2487628
2487701
2487702
2487706
2487718
2488105
2488174
2489023
2489049
2489068
2489428
2489468
2489716
2489741
2490032
2490039
2490063
2490077
2490082
2492673
2492675
2493041
2493153
2493169
2493675
2494230
2494372
2494690
2494741
2494821
2494822
2494964
2495090
2495383
2495564
2495826
2495928
2496109
2496140
2496141
2496142
2496169
2496176
2498854
2498915
2499478
2499880
2501118
2501382
2501869
2501883
2501901
2502351
2502399
2502425
2504718
2504740
2505351
2505364
2505376
2505379
2505386
2506418
2507126
2507537
2507573
2507623
2507917
2508125
2508377
2508406
2508522
2508932
2508936
2508962
2508967
2508968
2508974
2508998
2511915
2512010
2512041
2512120
2512368
2512613
2513083
2514119
2514502
2515049
2515051
2515553
2515597
2515613
2515628
2515665
2518581
2518663
2518707
2519084
2519101
2519115
2519816
2519817
2521300
2521702
2521824
2522033
2522311
2522353
2522417
2524727
2525479
2525593
2525612
2525951
2525954
2526219
2527600
2527770
2527869
2527938
2528198
2528281
2528730
2528888
2529055
2529189
2529268
2529322
2531635
2532380
2532451
2533208
2533209
2534343
2534440
2534847
2535636
2535679
2535681
2535963
2535964
2536222
2536223
2536293
2536319
2536364
2536461
2539569
2540393
2540874
2540875
2541912
2542025
2542030
2542368
2542491
2542644
2542945
2542961
2543156
2543157
2543158
2543262
2543387
2543390
2543534
2543553
2543558
2543560
2543564
2543596
2543597
2543691
2546142
2546864
2546874
2546882
2546884
2546894
2546972
2546974
2547014
2547050
2547101
2547753
2549355
2549357
2549574
2550270
2550273
2550537
2550539
2550542
2550762
2550853
2550933
2550960
2550975
2553596
2553597
2553953
2554309
2554360
2554402
2554448
2554490
2554542
2554544
2554617
2555282
2556721
2556868
2556893
2556934
2557116
2557565
2557760
2557777
2557856
2558220
2558327
2558366
2558369
2558436
2558507
2558531
2558549
2558551
2558680
2561143
2561196
2561570
2561992
2562162
2562203
2562262
2564365
2564522
2565096
2565463
2565509
2565534
2565537
2565540
2565981
2565982
2565986
2566099
2566140
2566213
2566214
2569627
2569675
2569790
2569904
2569967
2570008
2570013
2571141
2571912
2573012
2573231
2573322
2573394
2573564
2573667
2573770
2573772
2573773
2573964
2573996
2574107
2576660
2577444
2577541
2577542
2577785
2577787
2577937
2577942
2578555
2578720
2578722
2580219
2580304
2580411
2580440
2581028
2581199
2581227
2581416
2581540
2581645
2581758
2581760
2581960
2581964
2582158
2585400
2585772
2585775
2585784
2585787
2585973
2586678
2586731
2588389
2588553
2588617
2588835
2589397
2589499
2589555
2589556
2589599
2589723
2589829
2589959
2589967
2590203
2590215
2590217
2590312
2590316
2590337
2592915
2592916
2593867
2593869
2593870
2594126
2596305
2596486
2596654
2596877
2596899
2597291
2597786
2597791
2597847
2597862
2598030
2598032
2598058
2598061
2598146
2598150
2598500
2598519
2598525
2601153
2601905
2603886
2605079
2605090
2605162
2605164
2605179
2606192
2606229
2606285
2606303
2606305
2606456
2606474
2606476
2606589
2606637
2606709
2606717
2606732
2606979
2606999
2607078
2610498
2611168
2611921
2612641
2613260
2614670
2614686
2614696
2614707
2614709
2614722
2614816
2614818
2614920
2614921
2614923
2614968
2615088
2615112
2615115
2615116
2615348
2615350
2615360
2615518
2615541
2615576
2615605
2615613
2615616
2618444
2619846
2620665
2622195
2622436
2622584
2622978
2623432
2623464
2623597
2623613
2623639
2623701
2623717
2623719
2623750
2623781
2623904
2623927
2623943
2623945
2624047
2624173
2624174
2624175
2624336
2624401
2624438
2624450
2627218
2627222
2628214
2628435
2629473
2629544
2630311
2631703
2632195
2632286
2632342
2632410
2632417
2632559
2632625
2632771
2632887
2632952
2632987
2632993
2633016
2633017
2633025
2633042
2633362
2633394
2633405
2638522
2639956
2640146
2640203
2640354
2641218
2641623
2641673
2641791
2642065
2642066
2642080
2642126
2642148
2642291
2642319
2642495
2646872
2647668
2648258
2648981
2649301
2649392
2649473
2649489
2649939
2650550
2650575
2650658
2650858
2650889
2650910
2651011
2651075
2651110
2651160
2651181
2651182
2651243
2651397
2651548
2651551
2654278
2655223
2656738
2658050
2658537
2658557
2658666
2659591
2659605
2659966
2660088
2660138
2660139
2660141
2660260
2660263
2660267
2660279
2660320
2660341
2660342
2660346
2660598
2660657
2660689
2664316
2664375
2665160
2668546
2668629
2668694
2668930
2668967
2669200
2669322
2669376
2669379
2669497
2669499
2669502
2669808
2669899
2669942
2669955
2669971
2672558
2675741
2676722
2676759
2676947
2677089
2677858
2678100
2678339
2678512
2678833
2678840
2678844
2678851
2679145
2679300
2682814
2683753
2683764
2684511
2685117
2685885
2685886
2685887
2685892
2686346
2686398
2686930
2687175
2687269
2687740
2687836
2687940
2687979
2687992
2687997
2688171
2688174
2688229
2688231
2688301
2688315
2688321
2688322
2688654
2694707
2694709
2695470
2695472
2695475
2695481
2695680
2695951
2696136
2696727
2697140
2697330
2697345
2697362
2697385
2697427
2697491
2697492
2697497
2697650
2697654
2697656
2697681
2697867
2697868
2698033
2698113
2698286
2698335
2698504
2698513
2701003
2703771
2705183
2705191
2705201
2705577
2706234
2706769
2707054
2707424
2707425
2707533
2707588
2707606
2707882
2708046
2708161
2708311
2714475
2715038
2715194
2715225
2716584
2717138
2717202
2717232
2717234
2717407
2717675
2717676
2717680
2717682
2717703
2717866
2718048
2718126
2720501
2722561
2722636
2723319
2724764
2724789
2724927
2724958
2726248
2726288
2726526
2727347
2727351
2727627
2727723
2727815
2730091
2734464
2734468
2734470
2734639
2734669
2735853
2735906
2736246
2736444
2736626
2736729
2737072
2739794
2744908
2745654
2746074
2746445
2746450
2746640
2746645
2746683
2746907
2746908
2746915
2746919
2746954
2747068
2747215
2747228
2747231
2749614
2750628
2754068
2754082
2754087
2754090
2754092
2754107
2754114
2755293
2755622
2755972
2755979
2756117
2756286
2756460
2756463
2756818
2756979
2757086
2757117
2757131
2757268
2757276
2759445
2763983
2764006
2764012
2764019
2764026
2764040
2764044
2764212
2764545
2766046
2766229
2766773
2767192
2767234
2769371
2770477
2771402
2773973
2774187
2775013
2775042
2775427
2775428
2775435
2775621
2776219
2776707
2776710
2776920
2777000
2777001
2777012
2781666
2784018
2784019
2784020
2784021
2784026
2784517
2785416
2785427
2785501
2785551
2785931
2786173
2787115
2794001
2794064
2794067
2794069
2794070
2794744
2794891
2795509
2795522
2795591
2795998
2796709
2797029
2797106
2801666
2801668
2801714
2803362
2804159
2804853
2805644
2805646
2805660
2805877
2806125
2806131
2806857
2806899
2807162
2807304
2809478
2810530
2811539
2811747
2814271
2814280
2814303
2814322
2814417
2815740
2815753
2816878
2816893
2817229
2820618
2821823
2821866
2824381
2824455
2824499
2824500
2826415
2826477
2826611
2826633
2827068
2827149
2827563
2827564
2827565
2827566
2834554
2834585
2834597
2834598
2834635
2834764
2835439
2836570
2836592
2836795
2837273
2837580
2837774
2840795
2841122
2842160
2844743
2844797
2846336
2846386
2846722
2846732
2846749
2846773
2847466
2847539
2847783
2847810
2847992
2848111
2849908
2850999
2851010
2851015
2851116
2851122
2855032
2855068
2855069
2855101
2855206
2855572
2856649
2856717
2857343
2857772
2858141
2858142
2858443
2860268
2861339
2861354
2861471
2861476
2862818
2865411
2865488
2865712
2865952
2865997
2867107
2867192
2867374
2867517
2867522
2867606
2867679
2867805
2868291
2868589
2868759
2868783
2871839
2871958
2871973
2875868
2875971
2876086
2876120
2876212
2876215
2876216
2876219
2877640
2877971
2878345
2878905
2878917
2879293
2881207
2886440
2886442
2886645
2886670
2888736
2888903
2889691
2892999
2893129
2896970
2897035
2897162
2897300
2898777
2898893
2899444
2899463
2899976
2900209
2900240
2900249
2900250
2900251
2900252
2900402
2900454
2900626
2902409
2907543
2907590
2907777
2907814
2909380
2909393
2909485
2909498
2909499
2909530
2909705
2909939
2909940
2909941
2909943
2910102
2910636
2910906
2910907
2910910
2910917
2910921
2910922
2910924
2911080
2914371
2918225
2918317
2918423
2918424
2918448
2918465
2918532
2920067
2920248
2920441
2920625
2920627
2920628
2920633
2920641
2921345
2921606
2921607
2921613
2921616
2923774
2928933
2929030
2929126
2929815
2929977
2930761
2930775
2930796
2930928
2930962
2931387
2932351
2932356
2932372
2932633
2934619
2939675
2939772
2939789
2939790
2939793
2939855
2939878
2939990
2940033
2941653
2941791
2941792
2941820
2942014
2942210
2942211
2942221
2942271
2942414
2943225
2943498
2945464
2945498
2946737
2950569
2950777
2950779
2950886
2952326
2952588
2952625
2952994
2952995
2953060
2953069
2953074
2953205
2953237
2953239
2954024
2954026
2954058
2954065
2954278
2954279
2957519
2957530
2957541
2961422
2961424
2961652
2962252
2963156
2963221
2963277
2963408
2963705
2963781
2963836
2963845
2963871
2964097
2964918
2964950
2965170
2965262
2965412
2972287
2974072
2974159
2974193
2974221
2974703
2975654
2975666
2975877
2976078
2976133
2976374
2983223
2983339
2983354
2983358
2983528
2983591
2985110
2985244
2985264
2985364
2985419
2985424
2985670
2985672
2985867
2987116
2987145
2989307
2994457
2994472
2994569
2995339
2996549
2996553
2997004
2997006
2997010
2997041
2997050
2997121
2997122
3001678
3005620
3005864
3005936
3006506
3007463
3007474
3007665
3007676
3007677
3007694
3008202
3008230
3008316
3009272
3009304
3009582
3011681
3012902
3013815
3013841
3016846
3016877
3016880
3016882
3018614
3018748
3019204
3020563
3020872
3021135
3021138
3028070
3028119
3028144
3028152
3028267
3028317
3030022
3030307
3030910
3030911
3032207
3032251
3032495
3032500
3039390
3039466
3039483
3039658
3039665
3039667
3040481
3041437
3041456
3042249
3042258
3042259
3043203
3043288
3043856
3043893
3045542
3050826
3050836
3050930
3051042
3051192
3052627
3052735
3053544
3053663
3053682
3054551
3055286
3055287
3055298
3055301
3055335
3057084
3062095
3062238
3062342
3062367
3062371
3062380
3062411
3065087
3066123
3066822
3068536
3070840
3073963
3074202
3074913
3076804
3077731
3078410
3082437
3085510
3085553
3085785
3085826
3085848
3087464
3087540
3088230
3089304
3089387
3090014
3091821
3096980
3097069
3097119
3100642
3100669
3100877
3100896
3101605
3101630
3103355
3105599
3108414
3108519
3108681
3109605
3110419
3110813
3112882
3113157
3113163
3119932
3120033
3120158
3120231
3120470
3120576
3121931
3122029
3122139
3122830
3122842
3124429
3124684
3124686
3124690
3124691
3124694
3131381
3131739
3131881
3134259
3134260
3136088
3136130
3136172
3142810
3142939
3142943
3143018
3143113
3143284
3144787
3144798
3145204
3145678
3145679
3147245
3147546
3147550
3147582
3154121
3154128
3154529
3156165
3156167
3157063
3158564
3158570
3158631
3165571
3165622
3165743
3165744
3165746
3165776
3165971
3166165
3166253
3167617
3167835
3168465
3168499
3168502
3168511
3168526
3170088
3170402
3170404
3170409
3177163
3177206
3177238
3179906
3181487
3181784
3181792
3181801
3181803
3181840
3188595
3188598
3188620
3188964
3188970
3190459
3190471
3191219
3191220
3191335
3191377
3191388
3191406
3192905
3193202
3193207
3200028
3200169
3200172
3200175
3200242
3200372
3200520
3201893
3202150
3204569
3211234
3211809
3213534
3213536
3213539
3214132
3215923
3215926
3222505
3225077
3225380
3225564
3225566
3225567
3225576
3225577
3233756
3233757
3234008
3234499
3234519
3235963
3236852
3236889
3236905
3236909
3238658
3238659
3238661
3242353
3242658
3245259
3245709
3248021
3248023
3248024
3248103
3248114
3256104
3256767
3256801
3258195
3258200
3258279
3259028
3260764
3260765
3267001
3267642
3267772
3269063
3269344
3269905
3271606
3275393
3277902
3278051
3278122
3278123
3278524
3279977
3279989
3286181
3286183
3288790
3289052
3289413
3289420
3289547
3290038
3291144
3297038
3300227
3300230
3302038
3302535
3302538
3302561
3304111
3304126
3310943
3310963
3312421
3313263
3313274
3313339
3314844
3314845
3314861
3317846
3321282
3321296
3321690
3321715
3321722
3325607
3329305
3331812
3332013
3332015
3332489
3332496
3334088
3334729
3334878
3336359
3336385
3336387
3336402
3343116
3344563
3345356
3345461
3346924
3346988
3353023
3355125
3355152
3355619
3355840
3355841
3357467
3363613
3364128
3374025
3376143
3376168
3376821
3376967
3376968
3378404
3378425
3378434
3378463
3378468
3384991
3386614
3386615
3387258
3387273
3387394
3388838
3395368
3395378
3396955
3396956
3397387
3397645
3399164
3399181
3405139
3405581
3407164
3407166
3407843
3407910
3407913
3409399
3414919
3415673
3417267
3417286
3417901
3417919
3418000
3419445
3419448
3419467
3425672
3427316
3427319
3427945
3428070
3428104
3429479
3429486
3429488
3434793
3434812
3434889
3434901
3436160
3437193
3437195
3437249
3437807
3437815
3437831
3437883
3437947
3439317
3439318
3439361
3439365
3445290
3445291
3446932
3447480
3447487
3447496
3447517
3447521
3447523
3449059
3449122
3454100
3454592
3454806
3456424
3456436
3456448
3457039
3457046
3457225
3458690
3464170
3464197
3464199
3464201
3465862
3466339
3466474
3466619
3466623
3468037
3473304
3473367
3475066
3475067
3475068
3475085
3475348
3475676
3475750
3477262
3477281
3481650
3482283
3482356
3484136
3484150
3484151
3484154
3484258
3484435
3484725
3484768
3486315
3486319
3486332
3486356
3490612
3490812
3491315
3491396
3491406
3493204
3493212
3493243
3493245
3493246
3493416
3493806
3493814
3493820
3493827
3493851
3493924
3493926
3493929
3493930
3493942
3495438
3495445
3499628
3500315
3500331
3500339
3501149
3502265
3502269
3502366
3502383
3502486
3502671
3502675
3502994
3502997
3503004
3503005
3503014
3503064
3503090
3504527
3508569
3509341
3509342
3509346
3509359
3511252
3511263
3511272
3511298
3511324
3512206
3513530
3513549
3517193
3517203
3517421
3518165
3518210
3518248
3518249
3520175
3520199
3520201
3520218
3520242
3520840
3520892
3521042
3522497
3522552
3522557
3526019
3527068
3527071
3527086
3529029
3529092
3529173
3529739
3529803
3531392
3534959
3534988
3535776
3535802
3535829
3535831
3535834
3535835
3537799
3537802
3537803
3537804
3537805
3537806
3538505
3538516
3538575
3538650
3538763
3540191
3540198
3540199
3544333
3544445
3546464
3546488
3547079
3547216
3547223
3547312
3547416
3548735
3548826
3552200
3552977
3553033
3553074
3555034
3555058
3555614
3555681
3555821
3555827
3555839
3557283
3557306
3557314
3557318
3561277
3561380
3563393
3563925
3564289
3565593
3565702
3569710
3571631
3571637
3571639
3572264
3572330
3572353
3572379
3573869
3573894
3573909
3573983
3577183
3577289
3577300
3577961
3578024
3578025
3578026
3579888
3579909
3579916
3579949
3580622
3580822
3580823
3580826
3582192
3582253
3582254
3586113
3586163
3586183
3586209
3588012
3588044
3588066
3588067
3588074
3588075
3588104
3588668
3588971
3590179
3590259
3590385
3593437
3593562
3594269
3596169
3596211
3596287
3596747
3597100
3597117
3597123
3598381
3598500
3598514
3602227
3602272
3602293
3602294
3602303
3602312
3604258
3604854
3604879
3604977
3605023
3605186
3605209
3606579
3609259
3610314
3610329
3610334
3610339
3612302
3612496
3612867
3612899
3613022
3613214
3613250
3614511
3614624
3617401
3618205
3618212
3618296
3620248
3620294
3620359
3620395
3620895
3620908
3620909
3620910
3620912
3620914
3620956
3621257
3621289
3621316
3621322
3626281
3626282
3626294
3628420
3628424
3628428
3628500
3629073
3629145
3629166
3629170
3629474
3629475
3629476
3629504
3630730
3630862
3630865
3633795
3633812
3634485
3636592
3636667
3637236
3637263
3637459
3637673
3637676
3639059
3641947
3641958
3642562
3642599
3642655
3644772
3644812
3645492
3645549
3645550
3645551
3645666
3645691
3645764
3645918
3645959
3647299
3647313
3650892
3650993
3653042
3653117
3653120
3653154
3653822
3653824
3654032
3654035
3654262
3654456
3655676
3655685
3655689
3655697
3659200
3661477
3662207
3662285
3662425
3662486
3662648
3662651
3662718
3662848
3667616
3667734
3667741
3669790
3669887
3669900
3670121
3670759
3670871
3670881
3672426
3676045
3678210
3678222
3678258
3678383
3679036
3679043
3679046
3679052
3679227
3679246
3679311
3679341
3681015
3683628
3683761
3683774
3684505
3684523
3684526
3686675
3687451
3687508
3687689
3687777
3688258
3689358
3689495
3692295
3692303
3693055
3693067
3695300
3695303
3695357
3695360
3695617
3696163
3696175
3696186
3696321
3696345
3696474
3697041
3700772
3701042
3701743
3701787
3701879
3701882
3701919
3704103
3704163
3704164
3704166
3704167
3704257
3704442
3704444
3704446
3705186
3705197
3705893
3705907
3706860
3706975
3707108
3707234
3707235
3710548
3710578
3710579
3710581
3710667
3712966
3712973
3713000
3713031
3713077
3713081
3713090
3713093
3713099
3714117
3714118
3715862
3715866
3719335
3719336
3719357
3719460
3719465
3719479
3721934
3721940
3722260
3722862
3722898
3723541
3723767
3724914
3725021
3728268
3728302
3728411
3728431
3728432
3728436
3728441
3730842
3730865
3730868
3731104
3731108
3731815
3731900
3731922
3732002
3734032
3737208
3737349
3737353
3737440
3739709
3739713
3739776
3739802
3739808
3739812
3739816
3739891
3740711
3741685
3743017
3745409
3745451
3746290
3746292
3746319
3748653
3748739
3748768
3748865
3749088
3749854
3749874
3749910
3751869
3752004
3755371
3755406
3757678
3757738
3757776
3757846
3758099
3758785
3758809
3758926
3758948
3759055
3759498
3759905
3760950
3760988
3766767
3766770
3766771
3766774
3766775
3766862
3766863
3766975
3767805
3767808
3767832
3767923
3768084
3768085
3768528
3769906
3772539
3772601
3773228
3773287
3773514
3775776
3775802
3775822
3776838
3776860
3776880
3777040
3777566
3778023
3779042
3779164
3781610
3782193
3782482
3784745
3784778
3784790
3784879
3784885
3784886
3785837
3785840
3786118
3786121
3790567
3791155
3791400
3791417
3793699
3793738
3793742
3793791
3793795
3793813
3794178
3794815
3794931
3794955
3794974
3795012
3795015
3797036
3797067
3800065
3802637
3802656
3802687
3802754
3802759
3802768
3803141
3803793
3803794
3803795
3803796
3803857
3803943
3803982
3803991
3803994
3804002
3804008
3804009
3804014
3805063
3806069
3806078
3806327
3808371
3809031
3809047
3809217
3809286
3811583
3811592
3811635
3811662
3811665
3811695
3811696
3811710
3811725
3811727
3811737
3811742
3811745
3811746
3811763
3812797
3812809
3812873
3812874
3812927
3812946
3812999
3813001
3813002
3813015
3813047
3813122
3815103
3815268
3818031
3818035
3818040
3818223
3818280
3818333
3820680
3820708
3820718
3820756
3820758
3820783
3820799
3820808
3820810
3821906
3821907
3821911
3822038
3822153
3822220
3824229
3824366
3824369
3826501
3827282
3829725
3829740
3829771
3829772
3829845
3830055
3830988
3831028
3831155
3831158
3831186
3831220
3831224
3832208
3835444
3836068
3836287
3836473
3836478
3838851
3838923
3838933
3838935
3839136
3839137
3839145
3840032
3840095
3840191
3840368
3841240
3841276
3842334
3842389
3842427
3842430
3842512
3842517
3845349
3845429
3845457
3847975
3847999
3848001
3848005
3848012
3848033
3849099
3849103
3849114
3849295
3849296
3849312
3849380
3849383
3849387
3849444
3850313
3850315
3851415
3851467
3851526
3851527
3851615
3854179
3854425
3854426
3854509
3854538
3857055
3857063
3857064
3857067
3857077
3857082
3857251
3858195
3858197
3858212
3858237
3858294
3858459
3858519
3859383
3860585
3862504
3863232
3863506
3863515
3863516
3863529
3863636
3863655
3866157
3866175
3866184
3866197
3866212
3866213
3866219
3866223
3866226
3867278
3867294
3867415
3867477
3867543
3867591
3867617
3867626
3868543
3869719
3869816
3869823
3871811
3872730
3875191
3875194
3875206
3875209
3875241
3875244
3875250
3875270
3875275
3876349
3876352
3876383
3876493
3876541
3876607
3878806
3879118
3881693
3881708
3884247
3884296
3884306
3884320
3884328
3885378
3885410
3885462
3885470
3885471
3885617
3885621
3893234
3893262
3893300
3893313
3893324
3893346
3893367
3894435
3894461
3894556
3894565
3894659
3894664
3894665
3896987
3896988
3897109
3902227
3902261
3902297
3902300
3902310
3902354
3902373
3903415
3903416
3903426
3903512
3903554
3903654
3903656
3903718
3903725
3905992
3906125
3906145
3906152
3910055
3911168
3911245
3911247
3911296
3911297
3911300
3912444
3912575
3912582
3912591
3912652
3912654
3912747
3915018
3915045
3916995
3919061
3920179
3920189
3920310
3920311
3921423
3921437
3921581
3921593
3921662
3921753
3921768
3922249
3923907
3923913
3924106
3924119
3924215
3928008
3928021
3929149
3929154
3929203
3929216
3929219
3929237
3929292
3929295
3929347
3930345
3930358
3930359
3931230
3933362
3936844
3937993
3937996
3938004
3938010
3938040
3938062
3938095
3938100
3938139
3939189
3939214
3939256
3939462
3941835
3945604
3946855
3946866
3946869
3946949
3947979
3947983
3948053
3948176
3948240
3948267
3948278
3948387
3950583
3950604
3950632
3950741
3952486
3952681
3955452
3955454
3955519
3955606
3955607
3955610
3955644
3956662
3956734
3956854
3956855
3956865
3956869
3956918
3957060
3957071
3957613
3959093
3959221
3962764
3963954
3963978
3964164
3965161
3965214
3965228
3965476
3965586
3965621
3967612
3967739
3967762
3972345
3972415
3973526
3973530
3973534
3973594
3973608
3973637
3973751
3974563
3974739
3975973
3976083
3980659
3980697
3980758
3980778
3980780
3980805
3981829
3981854
3981858
3981883
3981897
3981941
3981946
3982058
3982331
3982332
3984124
3984162
3984226
3986208
3986226
3986235
3988844
3988901
3988931
3988932
3988995
3989997
3990018
3990097
3990128
3990386
3990392
3990398
3990519
3990533
3990534
3990546
3992280
3992442
3992474
3994031
3997034
3997079
3997091
3997140
3997176
3998402
3998426
3998450
3998623
3998774
3998776
3998785
4000698
4005283
4005289
4005325
4005337
4005342
4005386
4005412
4005432
4006522
4006581
4006588
4006729
4006750
4006943
4007081
4007094
4008902
4010965
4013609
4013614
4013615
4013634
4013659
4013720
4013725
4013770
4013788
4014831
4014853
4014900
4014910
4015040
4015443
4015997
4015999
4017275
4017291
4017341
4017345
4017450
4022031
4022069
4022070
4022127
4022142
4022146
4023275
4023318
4023327
4023341
4023464
4023666
4023801
4025692
4025693
4025713
4025845
4030357
4030379
4030552
4030554
4030570
4031680
4031747
4031761
4031779
4031780
4031918
4032326
4034427
4034466
4036270
4036271
4038982
4039029
4039031
4039041
4039134
4039195
4039212
4039214
4040372
4040373
4040377
4040447
4040448
4040872
4043151
4043153
4043240
4043349
4043350
4043353
4047725
4047773
4047917
4047945
4049093
4049192
4049207
4049295
4049306
4049313
4051938
4051965
4052030
4052042
4052054
4056496
4056550
4056553
4056575
4056699
4056733
4057864
4057964
4058129
4058164
4058180
4060782
4060790
4060890
4060901
4065342
4065343
4065516
4065521
4066929
4067977
4069700
4069731
4074156
4074317
4075477
4075538
4075567
4075570
4075784
4075802
4075812
4076806
4078385
4078404
4082892
4083074
4083107
4084321
4084400
4084742
4087229
4087230
4087245
4091491
4091493
4091551
4091553
4091554
4091695
4092864
4092930
4092984
4093083
4093092
4093244
4093617
4095687
4095770
4095775
4095777
4095830
4095904
4096020
4100141
4100194
4100198
4100331
4101582
4101596
4101736
4101761
4101802
4101898
4101924
4102300
4104315
4104332
4104418
4104678
4108806
4108807
4108810
4110172
4110173
4110176
4110256
4110266
4110288
4110512
4110620
4110951
4113315
4117346
4117402
4117404
4117479
4117554
4117555
4118737
4118740
4118744
4118850
4118998
4119232
4119541
4121496
4121497
4125940
4126093
4126106
4127280
4127281
4127308
4127995
4128000
4130194
4130200
4130202
4130216
4134452
4134544
4135736
4135738
4135806
4135811
4135832
4135883
4135907
4135924
4136260
4136273
4138646
4138744
4138747
4138775
4144131
4144155
4144484
4144703
4146880
4147030
4147047
4147052
4152339
4152348
4152352
4152385
4152500
4152508
4152511
4152523
4153102
4153857
4155041
4155044
4160548
4160626
4160838
4161034
4161206
4163109
4163146
4163275
4163322
4167195
4167267
4168510
4168637
4168648
4168860
4169269
4169281
4169286
4171016
4171358
4175205
4175258
4175296
4175349
4175475
4176513
4176626
4176665
4177006
4177372
4177419
4178964
4179126
4179129
4183121
4183260
4183402
4184450
4184537
4184546
4185183
4186811
4186848
4193033
4193036
4193049
4193145
4193153
4193164
4194695
4195027
4195028
4195063
4199101
4200068
4200100
4200149
4200178
4200213
4200612
4200959
4201073
4202949
4202971
4202987
4206577
4206683
4207924
4207957
4208328
4208955
4208966
4208997
4209951
4210713
4210722
4210839
4210867
4214539
4214543
4215792
4215889
4215928
4216838
4217809
4218679
4218715
4223643
4223646
4223791
4224081
4224805
4226546
4226556
4226566
4226568
4226573
4226574
4226712
4231499
4231508
4231536
4231538
4232208
4232630
4233580
4234298
4234299
4234310
4238016
4239398
4239488
4239507
4239568
4240366
4240493
4242105
4242274
4242279
4242280
4242283
4242286
4247154
4247332
4248123
4248255
4248256
4250016
4254777
4254902
4254974
4254975
4255746
4255876
4257641
4257645
4257651
4257653
4257829
4262465
4263410
4269751
4269865
4270463
4270695
4270824
4270830
4277251
4277270
4278070
4284404
4285433
4291547
4291687
4299528
4299530
4305917
4306037
4306450
4308193
4312675
4313270
4319183
4319196
4319216
4319474
4319816
4319915
4319947
4325815
4325818
4325831
4325839
4325862
4326516
4326525
4326578
4328242
4332436
4332519
4333059
4333063
4334742
4339605
4339629
4339635
4345451
4345538
4345648
4346370
4358620
4358683
4358744
4359230
4359446
4365794
4367297
4371460
4371520
4372114
4372145
4377739
4377743
4377988
4378483
4383882
4384543
4386087
4389935
4389936
4395905
4395971
4396003
4396620
4407530
4407597
4407601
4407603
4407625
4407632
4408038
4408214
4413250
4413316
4413353
4413390
4413999
4414037
4419004
4419043
4419683
4424947
4425323
4430093
4430255
4430315
4430510
4430802
4430913
4433010
4433046
4433051
4435595
4435702
4435724
4438526
4441311
4441830
4441850
4446685
4446775
4447386
4452463
4457917
4463189
4463873
4463875
4463876
4463886
4468559
4469267
4471415
4473890
4474061
4474132
4479622
4479889
4484599
4487123
4489766
4494773
4495122
4504351
4504680
4504951
4506678
4509055
4509375
4518533
4522562
4524600
4526878
4527158
4527357
4531551
4535949
4535963
4536051
4537869
4540285
4540428
4540702
4544819
4544833
4549109
4549127
4549331
4549425
4549434
4549435
4549436
4553396
4553730
4553732
4555240
4557461
4557662
4557677
4557701
4557787
4561756
4561874
4561876
4562229
4562233
4562237
4566295
4566415
4566425
4566434
4570020
4570147
4570148
4570150
4570202
4570466
4570516
4570535
4570541
4571954
4574483
4574504
4575912
4577968
4578242
4578381
4581624
4581663
4581828
4582049
4582117
4583569
4585600
4585924
4592679
4592687
4592915
4593234
4593258
4596295
4596501
4596608
4596822
4596826
4598160
4600040
4600050
4600391
4601677
4603697
4603827
4603828
4603830
4603866
4606854
4607124
4607202
4609952
4610187
4610191
4610500
4613275
4613433
4613517
4613785
4613790
4613823
4614942
4616430
4616930
4616943
4619631
4619669
4619805
4619891
4619956
4621097
4622406
4622459
4622634
4622636
4625460
4625493
4626826
4628247
4628252
4628254
4628319
4630735
4630736
4631183
4633298
4633470
4633477
4633487
4633488
4635721
4635770
4635947
4635958
4635959
4635972
4637137
4638212
4638395
4638413
4638451
4640458
4640511
4640516
4640523
4640905
4642696
4642952
4642954
4643138
4645080
4645108
4645122
4646273
4647091
4647202
4647217
4647268
4647305
4647307
4647320
4649321
4649383
4649386
4649403
4649411
4649455
4649460
4651224
4651462
4651471
4651487
4651710
4651809
4653251
4653257
4653464
4653508
4653756
4653854
4654629
4655477
4655507
4655508
4655515
4655559
4655605
4657210
4657584
4657593
4657596
4658578
4659352
4659444
4660486
4661056
4661640
4663230
4664761
4664762
4664920
4665156
4665256
4665283
4666534
4666730
4666861
4667866
4668509
4668516
4668653
4670368
4670390
4670430
4670645
4671391
4671417
4671810
4672015
4672115
4672119
4672123
4672476
4673152
4673564
4673566
4673567
4673735
4673810
4673824
4673831
4673837
4673875
4675237
4675390
4675476
4675478
4675480
4675524
4675563
4676491
4676878
4676897
4676899
4678527
4678536
4678538
4678539
4678542
4678553
4678599
4678700
4678703
4678819
4679132
4679750
4679756
4680138
4680160
4680237
4680342
4680475
4681728
4681809
4681820
4681824
4681985
4681986
4681988
4682934
4682940
4683056
4683493
4683607
4683612
4684129
4685019
4685109
4685272
4685409
4685593
4686700
4686718
4686725
4686728
4686767
4686768
4687408
4687970
4688350
4688367
4688668
4688698
4688934
4689985
4690548
4690827
4691341
4692548
4692984
4693062
4693398
4693477
4693715
4693729
4694045
4694288
4694780
4695146
4695182
4695185
4695331
4695442
4695470
4696023
4696473
4696512
4696873
4696874
4697191
4697337
4697535
4697815
4698299
4698301
4698305
4698307
4698669
4698708
4699269
4699289
4699418
4699712
4700121
4700127
4700134
4700199
4700202
4700203
4700516
4700536
4700537
4700553
4700786
4700852
4700865
4700868
4700927
4702267
4702498
4702507
4702890
4704031
4704475
4705027
4705032
4705612
4705626
4706402
4706446
4706720
4706726
4707692
4708140
4708162
4708264
4708472
4708480
4710246
4710594
4710609
4711480
4711576
4711905
4712256
4712722
4712723
4713291
4713319
4714397
4714409
4714858
4715848
4716234
4717017
4717020
4717250
4717300
4717656
4718062
4718771
4719160
4719223
4719234
4719239
4719564
4719571
4719942
4720762
4721069
4721763
4722233
4722234
4723091
4723718
4723767
4726024
4726026
4726033
4726038
4726861
4728372
4728409
4729201
4730693
4730705
4730717
4730720
4730758
4730775
4730779
4731157
4733060
4733094
4733163
4733167
4735404
4735442
4735486
4735528
4736223
4736232
4737830
4737839
4737863
4737866
4737875
4738574
4740088
4740113
4740184
4740214
4740215
4740236
4740898
4740939
4742491
4742497
4742534
4743232
4743244
4743275
4744810
4745551
4747038
4747053
4749234
4749236
4749985
4751437
4754349
4754388
4756608
4757976
4759042
4760849
4762254
4762975
4765119
4765211
4765227
4767356
4767525
4768758
4770972
4770977
4770994
4772246
4772256
4773184
4774068
4774165
4774189
4775437
4783424
4784294
4784989
4784990
4791728
4795339
4799060
4803970
4804015
4804018
4806191
4808335
4808375
4810411
4810491
4812509
4812510
4814624
4814630
4814631
4814639
4816730
4816793
4820875
4820990
4820994
4823057
4823127
4824990
4827214
4829123
4829276
4829280
4829289
4831310
4831357
4831367
4833236
4833383
4833386
4835250
4835254
4835398
4835407
4837357
4839274
4839344
4839367
4839381
4841270
4841379
4841460
4843291
4843362
4843385
4843393
4843474
4843483
4845269
4845271
4845402
4845416
4845489
4845497
4845502
4847487
4847492
4851324
4851348
4851554
4853372
4853537
4853538
4855252
4855490
4855501
4857452
4861135
4861335
4863184
4863186
4863188
4863255
4865100
4865181
4868949
4870604
4870751
4870754
4870829
4870830
4870832
4870834
4870855
4872801
4872802
4872806
4872811
4872838
4874775
4874779
4874788
4874823
4876690
4876699
4876733
4878566
4880163
4880391
4880392
4880406
4882190
4882196
4882199
4883950
4883952
4883997
4883998
4885756
4887573
4887574
4887605
4889317
4892532
4892537
4895515
4895519
4898340
4899514
4899664
4900881
4900944
4902175
4903235
4903380
4903387
4904502
4904529
4904561
4904568
4904569
4906707
4907918
4907930
4910172
4910184
4911302
4912394
4914510
4916617
4918697
4919745
4919748
4921817
4922814
4926561
4933548
4934425
4935886
4936763
4936811
4937559
4938258
4938391
4938394
4938455
4940925
4941750
4942573
4944878
4945494
4951672
4952989
4955331
4955333
4955927
4956764
4957349
4957351
4958283
4959524
4960223
4960367
4962228
4964338
4964779
4964784
4965429
4965565
4965665
4966042
4966054
4966058
4966660
4967226
4967242
4970027
4970176
4970559
4970760
4971240
4972890
4973135
4973861
4973862
4973905
4975257
4976237
4976287
4978300
4979364
4979374
4980662
4982170
4982889
4983159
4983662
4984186
4985242
4985446
4986841
4987052
4987932
4989793
4990053
4991109
4994679
4994682
4998012
5002756
5002783
5003313
5003320
5003874
5004951
5005832
5007387
5011122
5014295
5014611
5015652
5017198
5017873
5019327
5021539
5021540
5021997
5022441
5022603
5023335
5025273
5025936
5026130
5026132
5026426
5026566
5026586
5026856
5027439
5029068
5029110
5029254
5029588
5030537
5031067
5031068
5031233
5031550
5031716
5031719
5032206
5034294
5035659
5037490
5038020
5038664
5038930
5040310
5043082
5043625
5043984
5045253
5045259
5046504
5047155
5047493
5047871
5048156
5049147
5049149
5049164
5050214
5050781
5051582
5052000
5052804
5054131
5057488
5057491
5057650
5057735
5058044
5058632
5058828
5058929
5059541
5059914
5060617
5060916
5061288
5062102
5062259
5062423
5064514
5065144
5065495
5065656
5065856
5065886
5066239
5066352
5066544
5066890
5067226
5068505
5069875
5070242
5071604
5071605
5071817
5072502
5073646
5074942
5074945
5076206
5076816
5077270
5077274
5077580
5077804
5078124
5078699
5078897
5079440
5079489
5080250
5081430
5084467
5084642
5087141
5087148
5087149
5087472
5087631
5087878
5088123
5088393
5088395
5088401
5089157
5089407
5090327
5091559
5095560
5095561
5096348
5096692
5097063
5097753
5102322
5102476
5103924
5106698
5106929
5107340
5107365
5107540
5107546
5107985
5108184
5108763
5108816
5110443
5110662
5113035
5113037
5113466
5113468
5113473
5113704
5113979
5113986
5114935
5114943
5116535
5116911
5118237
5118239
5119598
5122564
5123372
5123719
5123870
5124081
5125105
5125121
5125361
5125660
5125662
5126447
5129083
5129513
5129514
5129674
5130188
5130813
5131362
5131363
5131379
5131636
5131881
5132135
5132262
5132574
5132588
5133479
5133501
5134110
5134523
5134611
5134687
5134899
5135701
5136753
5136981
5137013
5137056
5137079
5137083
5137125
5137166
5137188
5137205
5137226

1235
3608
7624
8716
9137
10784
11134
13642
14393
14815
15625
38614
43728
47468
50773
52222
53613
55981
67839
75009
77715
83368
87549
92770
94625
99976
106868
108984
109933
111318
113080
131945
136129
136134
136145
137292
141454
146798
152434
155617
173521
180696
183628
193361
216897
219581
248316
273432
274997
281100
287585
299882
333473
359306
363639
368186
372454
385595
389455
389915
416218
425150
479233
492727
493109
497391
497768
502076
516668
521056
525780
526184
526242
527985
530566
530571
531020
540574
540575
545410
545420
555046
574335
574386
580099
584533
589553
600773
606025
616882
616889
622349
627859
632311
632410
650805
656637
668600
668838
686572
686628
688105
688108
700000
706773
715057
729713
737147
737176
737182
743103
752260
757836
760007
766031
766038
767836
773990
775738
790234
798317
798334
806656
815121
817434
823813
823835
824009
832704
834316
834317
868859
877998
887257
896408
953855
963578
982984
983005
992713
1002428
1002447
1021775
1031406
1046093
1050394
1050710
1059973
1060030
1064785
1078557
1087401
1105638
1113219
1121794
1130341
1138763
1139584
1156228
1172721
1173118
1173119
1180161
1188301
1189019
1189411
1189419
1196389
1197142
1197491
1205226
1213488
1221125
1228627
1250389
1250390
1250502
1250503
1257085
1263797
1264175
1270265
1270492
1270617
1276557
1276579
1276808
1276941
1285448
1300599
1306824
1312162
1322805
1323242
1323654
1334530
1339282
1339330
1339691
1344541
1349995
1349997
1355150
1355151
1355479
1359972
1360300
1360700
1365846
1367081
1370482
1375144
1375844
1380318
1380761
1390025
1390027
1390048
1394957
1396349
1401084
1404240
1408477
1412726
1413018
1413021
1418509
1423101
1436665
1446201
1454311
1460089
1463661
1463663
1468479
1468484
1470891
1471561
1473249
1475716
1478449
1483179
1487968
1492766
1499920
1537376
1564453
1576053
1576056
1576863
1587412
1588214
1598527
1608634
1614818
1620129
1630590
1635688
1635699
1640192
1640759
1645508
1645699
1650628
1656214
1665873
1683973
1683994
1684610
1688593
1689274
1693946
1697877
1697947
1702486
1702488
1707041
1707050
1711672
1711676
1711698
1713468
1716290
1716323
1716327
1717019
1720960
1720971
1725599
1730220
1730233
1730236
1730273
1730981
1734857
1739400
1739404
1739443
1739548
1739590
1743987
1744834
1748686
1748721
1749475
1753259
1753279
1753319
1753350
1753419
1754128
1754153
1755400
1757807
1758717
1758731
1759899
1766778
1767795
1776834
1776911
1786116
1786131
1789694
1789866
1790776
1795406
1798942
1799958
1803516
1804526
1809186
1809196
1812875
1813750
1813762
1817323
1821923
1821956
1826522
1826560
1831192
1831201
1832242
1836963
1841652
1850822
1852406
1856552
1856709
1868479
1872763
1889950
1894119
1898207
1902344
1906509
1906551
1910643
1914736
1922718
1932941
1946358
1950432
1954328
1958279
1966355
1974326
1990332
2010978
2019216
2054290
2071911
2084956
2094374
2107749
2117760
2124636
2128261
2137724
2137859
2138054
2141238
2144167
2144422
2147671
2160242
2160559
2173151
2178838
2184985
2187409
2187772
2193471
2201816
2209719
2209878
2209882
2214584
2214794
2214799
2217093
2217459
2219534
2219747
2219905
2221931
2222308
2224345
2224730
2226782
2227244
2229232
2229236
2229247
2229541
2229683
2229691
2229707
2231656
2231680
2232143
2236469
2236966
2238862
2239045
2241782
2243671
2243719
2244006
2244226
2246121
2246177
2246652
2246669
2248560
2250946
2255962
2258151
2258398
2260638
2263037
2263312
2263329
2265656
2265670
2268131
2268517
2273337
2273466
2273719
2276085
2276372
2281324
2281330
2281637
2281912
2283861
2283969
2284174
2284177
2286668
2287214
2287315
2289364
2289366
2289585
2292109
2292144
2292533
2292766
2294811
2294952
2295283
2298113
2300583
2301042
2303687
2303711
2303798
2304403
2307070
2307479
2307783
2310268
2310286
2310292
2310676
2313316
2313496
2313497
2313824
2314196
2314199
2316518
2316877
2317395
2319877
2319934
2319954
2320674
2320675
2323202
2323258
2323638
2327196
2327411
2329696
2330402
2330777
2333823
2334042
2334119
2334154
2337160
2337594
2337625
2337633
2339741
2341010
2343199
2343653
2343743
2343744
2344545
2344620
2346996
2346997
2347175
2348079
2350221
2350638
2351177
2351622
2353812
2353816
2354239
2354266
2354295
2354719
2355255
2357498
2357979
2358426
2358851
2358885
2358956
2361243
2361727
2362698
2362760
2365026
2365371
2365478
2368037
2368707
2369146
2369354
2369550
2369907
2370433
2375970
2377830
2378361
2382524
2382539
2389322
2389839
2390353
2390493
2391055
2394215
2394221
2394594
2395487
2398009
2399894
2399970
2402389
2404281
2404378
2408301
2412924
2413157
2416090
2416527
2416743
2417548
2421240
2421241
2422128
2425655
2425826
2429014
2429284
2429725
2430265
2430294
2431143
2433724
2434448
2435063
2435067
2436173
2436187
2438461
2438520
2440286
2443428
2445271
2445840
2448396
2449276
2450747
2451150
2453947
2455180
2456097
2456366
2458273
2460735
2461420
2461424
2464681
2466364
2466830
2466877
2467206
2469128
2469687
2472338
2472737
2475284
2475288
2476218
2476219
2480999
2481001
2481005
2481912
2481913
2483144
2483602
2483692
2484142
2487716
2489547
2490026
2495623
2499884
2504719
2505382
2513810
2515020
2515591
2515628
2515665
2522032
2529314
2534440
2535703
2535962
2536352
2539707
2542956
2543158
2543399
2546882
2549821
2550268
2550762
2553597
2557760
2557857
2558320
2558551
2561994
2562204
2564073
2565543
2573331
2573667
2573771
2576659
2577444
2581416
2581540
2581760
2581776
2584728
2585950
2586678
2589554
2589723
2589959
2590215
2597498
2597845
2597848
2597905
2598272
2603350
2605321
2606476
2606478
2611168
2614671
2614920
2615543
2623572
2623719
2623781
2623782
2624448
2624451
2627219
2632625
2632952
2642066
2649301
2650423
2655947
2660139
2660262
2667210
2669945
2677858
2678838
2678840
2678865
2685885
2685918
2686346
2687537
2687836
2695472
2697330
2697419
2697656
2706234
2707423
2716584
2725944
2727815
2734639
2735854
2736247
2739794
2744245
2745066
2746087
2746683
2747402
2749615
2754092
2756289
2756818
2764040
2769371
2776044
2783962
2784018
2786988
2794036
2794067
2795504
2795522
2804157
2805646
2805960
2806341
2814276
2816165
2824441
2824483
2827403
2830726
2834554
2834598
2836230
2837273
2844743
2847962
2865997
2871973
2876212
2878228
2879293
2899440
2900402
2903697
2907590
2907777
2909316
2909935
2909941
2910906
2921616
2928747
2928749
2928751
2931146
2931343
2939580
2939880
2941791
2943225
2952588
2954065
2954278
2957528
2964908
2967184
2972101
2983358
2990497
3007676
3007677
3012902
3016872
3018614
3019538
3021135
3021139
3030911
3032495
3039435
3043862
3055298
3062380
3065087
3108555
3113184
3120174
3122139
3124691
3124694
3133383
3133386
3133558
3134259
3136088
3143152
3144787
3145678
3154395
3165744
3168499
3168502
3168528
3170403
3177194
3179906
3181800
3190610
3190619
3191377
3193202
3200172
3211547
3213273
3223145
3227297
3245037
3247170
3248023
3260767
3269079
3289050
3300222
3302561
3307828
3310309
3312407
3313339
3325586
3346988
3355116
3356011
3368000
3378425
3378468
3385100
3386614
3396956
3397713
3397714
3407155
3417266
3419445
3429485
3437197
3437800
3437883
3439316
3454874
3455389
3456424
3456435
3463495
3464276
3465872
3466573
3475065
3475067
3475348
3475349
3484136
3493215
3495438
3500464
3501143
3502269
3502304
3504525
3509306
3511252
3511273
3537747
3538581
3540087
3546464
3546490
3548735
3555759
3555764
3555944
3557252
3557283
3563366
3563393
3563397
3571637
3580823
3588067
3588075
3590277
3596162
3596210
3604339
3606579
3610334
3612864
3612899
3620294
3620908
3621260
3628499
3628882
3630862
3645427
3645468
3645959
3653158
3661913
3662848
3669788
3672389
3678541
3693055
3693163
3697031
3697034
3697041
3704163
3705907
3710581
3716133
3721857
3721940
3723540
3739709
3739776
3739798
3739801
3741685
3748771
3750808
3757727
3757728
3757757
3757846
3758777
3766745
3766793
3768530
3775775
3775776
3776838
3786121
3793683
3793738
3803943
3811625
3820666
3821966
3822038
3831103
3831289
3833291
3838851
3838879
3842512
3849446
3851526
3851615
3854426
3860711
3863641
3866129
3872762
3878806
3881709
3884245
3885378
3887915
3894432
3894664
3896988
3902297
3902300
3903725
3906155
3920180
3921423
3929155
3937993
3938004
3943766
3947979
3948380
3948390
3948942
3955424
3955607
3956728
3965621
3972348
3982032
3982332
3986204
3988844
3988932
3990389
3994211
3998625
3998774
3998776
3998780
4002616
4005325
4007122
4022031
4022070
4030357
4031743
4031780
4036271
4038982
4039029
4049192
4049824
4052054
4056496
4056553
4058164
4065516
4066776
4066781
4069700
4074156
4078497
4082892
4084321
4084499
4084548
4084974
4087127
4087129
4087230
4087245
4091551
4091554
4100194
4100198
4101596
4108809
4108810
4110951
4113315
4117555
4119541
4126094
4126104
4127996
4130347
4135744
4138747
4138761
4144131
4160614
4175296
4184537
4186848
4194712
4202943
4202947
4209951
4210867
4218715
4224806
4226574
4231499
4233580
4238019
4247261
4262757
4277251
4285433
4319196
4347928
4359364
4397931
4407624
4433007
4455115
4484602
4494812
4553732
4566415
4574504
4585365
4585372
4603828
4613286
4622636
4625493
4628247
4628254
4633470
4633487
4635972
4640714
4645122
4649389
4649411
4651487
4663230
4665071
4666861
4673875
4675237
4676900
4677179
4681405
4681985
4683493
4685760
4686767
4689104
4689957
4690343
4695146
4698307
4698708
4699417
4700868
4702890
4707299
4707307
4712723
4714627
4716553
4717017
4717656
4719239
4720760
4733882
4736232
4740215
4742534
4743275
4744810
4753628
4760132
4837358
4883950
4883952
4887573
4887574
4890954
4903380
4904502
4904569
4906707
4916617
4917642
4918696
4940093
4941750
4966042
4966660
4970559
4975257
5007387
5021540
5021997
5026131
5031067
5047493
5048156
5052000
5069875
5071604
5071605
5080250
5087878
5088123
5088393
5107542
5113467
5113985
5114943
5116535
5123625
5129513
5130188
5130812
5131362
5131379
5131636
5131881
5132572
5133279
5134899
5135817